0.011795 0.040069 0.064421 0.082468 0.092441 0.093366 0.085152 0.068602 0.045337 0.017634 
0.049776 0.169097 0.271866 0.348023 0.390113 0.394016 0.359350 0.289509 0.191328 0.074419 
0.082884 0.281572 0.452699 0.579511 0.649598 0.656097 0.598373 0.482076 0.318591 0.123919 
0.107879 0.366486 0.589218 0.754273 0.845495 0.853955 0.778823 0.627455 0.414667 0.161289 
0.122315 0.415525 0.668060 0.855202 0.958630 0.968221 0.883036 0.711414 0.470153 0.182871 
0.124777 0.423889 0.681509 0.872417 0.977928 0.987712 0.900812 0.725735 0.479618 0.186552 
0.115025 0.390761 0.628246 0.804235 0.901499 0.910519 0.830411 0.669016 0.442134 0.171972 
0.094014 0.319382 0.513487 0.657328 0.736826 0.744198 0.678723 0.546809 0.361371 0.140559 
0.063800 0.216740 0.348464 0.446078 0.500027 0.505029 0.460597 0.371077 0.245235 0.095386 
0.027341 0.092882 0.149331 0.191162 0.214282 0.216425 0.197384 0.159022 0.105093 0.040877 

