-0.011795 -0.040069 -0.064421 -0.082468 -0.092441 -0.093366 -0.085152 -0.068602 -0.045337 -0.017635 
-0.049775 -0.169096 -0.271865 -0.348022 -0.390113 -0.394016 -0.359351 -0.289509 -0.191329 -0.074420 
-0.082883 -0.281571 -0.452697 -0.579511 -0.649597 -0.656097 -0.598374 -0.482077 -0.318592 -0.123921 
-0.107877 -0.366484 -0.589216 -0.754272 -0.845495 -0.853955 -0.778824 -0.627456 -0.414669 -0.161291 
-0.122312 -0.415522 -0.668059 -0.855201 -0.958630 -0.968222 -0.883037 -0.711415 -0.470155 -0.182873 
-0.124774 -0.423887 -0.681507 -0.872416 -0.977927 -0.987712 -0.900813 -0.725737 -0.479620 -0.186555 
-0.115023 -0.390759 -0.628245 -0.804234 -0.901499 -0.910519 -0.830411 -0.669018 -0.442136 -0.171975 
-0.094012 -0.319380 -0.513485 -0.657327 -0.736825 -0.744198 -0.678723 -0.546811 -0.361373 -0.140561 
-0.063799 -0.216739 -0.348463 -0.446077 -0.500026 -0.505030 -0.460597 -0.371078 -0.245236 -0.095388 
-0.027340 -0.092881 -0.149330 -0.191162 -0.214281 -0.216426 -0.197384 -0.159022 -0.105093 -0.040878 

