-698335166464.000000 2535990493184.000000 -37230563295232.000000 2524459302912.000000 -36878342422528.000000 0.091525 0.083594 0.067330 0.045515 0.016910 
7224945541120.000000 -25956831985664.000000 348301312393216.000000 -25794864742400.000000 344312864833536.000000 0.392651 0.358396 0.288477 0.194497 0.071979 
-72120637849600.000000 255381993422848.000000 -3101437760372736.000000 253192063418368.000000 -3058147711254528.000000 0.655343 0.598116 0.481387 0.324441 0.120002 
580068619321344.000000 -2033142894428160.000000 23051095920082944.000000 -2012299015487488.000000 22685437436887040.000000 0.853878 0.779282 0.627170 0.422623 0.156278 
-4469506445410304.000000 15460280242798592.000000 -162983202745483264.000000 15267565060227072.000000 -160032354054701056.000000 0.968886 0.884217 0.711602 0.479463 0.177265 
27028087459807232.000000 -92649230623047680.000000 931509068550373376.000000 -91351514844495872.000000 913174368559824896.000000 0.988740 0.902316 0.726150 0.489219 0.180847 
-154139401226551296.000000 522643609493700608.000000 -5065374202861715456.000000 514330236435824640.000000 -4958644609153499136.000000 0.913513 0.833638 0.670860 0.451913 0.167025 
641507241727361024.000000 -2160350957701955584.000000 20574217709595656192.000000 -2123376718122057728.000000 20125680737137459200.000000 0.742409 0.677483 0.545186 0.367228 0.135711 
-2332925080117444608.000000 7814633209127239680.000000 -79400291017890463744.000000 7673177189923160064.000000 -77814425814730539008.000000 0.524489 0.478567 0.385071 0.259261 0.095746 
5062359341978353664.000000 -16917269523403374592.000000 181780075989136572416.000000 -16603339162464026624.000000 178431016347489009664.000000 0.208636 0.190335 0.153122 0.103020 0.038005 

