-2949791860391936.000000 10712091891597312.000000 -157262701444202496.000000 10660379411611648.000000 -155731184825925632.000000 -2218826240.000000 24955604992.000000 -145075372032.000000 1001269231616.000000 -2944939065344.000000 
30518409812770816.000000 -109642311679344640.000000 1471231220359626752.000000 -108927491682336768.000000 1453976721823891456.000000 20252614656.000000 -207015936000.000000 1164629770240.000000 -7507619610624.000000 21617595908096.000000 
-304639900001501184.000000 1078739035628765184.000000 -13100520516253384704.000000 1069188746349379584.000000 -12914056538322108416.000000 -98506612736.000000 969625829376.000000 -5390706671616.000000 33714331451392.000000 -96663674814464.000000 
2450227577638354944.000000 -8588035735418830848.000000 97368123010912878592.000000 -8497608600615649280.000000 95796876914355863552.000000 697286656000.000000 -6383892168704.000000 34551275454464.000000 -209672619425792.000000 597041390551040.000000 
-18879327132448718848.000000 65304481581057966080.000000 -688442686669246693376.000000 64472428355761733632.000000 -675790456834846883840.000000 -1548528386048.000000 13769925197824.000000 -74659290677248.000000 444072439316480.000000 -1299833063211008.000000 
114167394045934960640.000000 -391351724541288120320.000000 3934701544741334417408.000000 -385762511113116712960.000000 3856185507362780479488.000000 9238645571584.000000 -79806993530880.000000 429010324553728.000000 -2891207701168128.000000 8828181796618240.000000 
-651088916566161489920.000000 2207653278337948712960.000000 -21396173987672626298880.000000 2171932274206017847296.000000 -20939542762454463283200.000000 13515747229696.000000 -123732286767104.000000 620754441863168.000000 -4324123681488896.000000 10847397320065024.000000 
2709742993769859383296.000000 -9125346687365429592064.000000 86905610728597526413312.000000 -8966672487594191749120.000000 84987446582507139497984.000000 -6929781882880.000000 77607760560128.000000 -258173839605760.000000 2447010103820288.000000 -0.135711 
-9854333100048823353344.000000 33009086181015963041792.000000 -335387459763517150724096.000000 32402570656599282548736.000000 -328597580763714258206720.000000 25995541217280.000000 -282025068068864.000000 932954339540992.000000 -9461180519153664.000000 -0.095747 
21383530131718783631360.000000 -71458705359480207441920.000000 767840822151765506916352.000000 -70113173906009979092992.000000 753484859749183162155008.000000 -57203578896384.000000 611752525955072.000000 -2018741063778304.000000 21694794640130048.000000 -0.038006 

