0.011794 0.040068 0.064419 0.082465 0.092439 0.093364 0.085149 0.068600 0.045336 0.017634 
0.049774 0.169095 0.271864 0.348020 0.390110 0.394014 0.359348 0.289508 0.191328 0.074420 
0.082882 0.281570 0.452696 0.579509 0.649595 0.656095 0.598372 0.482076 0.318591 0.123920 
0.107877 0.366483 0.589215 0.754271 0.845493 0.853953 0.778823 0.627455 0.414668 0.161291 
0.122312 0.415522 0.668058 0.855200 0.958629 0.968221 0.883037 0.711415 0.470155 0.182873 
0.124774 0.423887 0.681507 0.872416 0.977928 0.987713 0.900814 0.725737 0.479620 0.186555 
0.115023 0.390759 0.628245 0.804234 0.901500 0.910520 0.830412 0.669018 0.442136 0.171975 
0.094012 0.319381 0.513487 0.657329 0.736827 0.744200 0.678725 0.546812 0.361373 0.140561 
0.063799 0.216740 0.348464 0.446079 0.500029 0.505032 0.460599 0.371080 0.245237 0.095388 
0.027341 0.092882 0.149332 0.191164 0.214284 0.216428 0.197387 0.159024 0.105095 0.040878 

