-0.011795 -0.040068 -0.064420 -0.082465 -0.092439 -0.093364 -0.085149 -0.068600 -0.045336 -0.017634 
-0.049775 -0.169096 -0.271864 -0.348021 -0.390110 -0.394014 -0.359348 -0.289507 -0.191327 -0.074418 
-0.082884 -0.281572 -0.452697 -0.579510 -0.649596 -0.656095 -0.598371 -0.482075 -0.318590 -0.123919 
-0.107879 -0.366485 -0.589217 -0.754272 -0.845494 -0.853953 -0.778822 -0.627454 -0.414666 -0.161289 
-0.122315 -0.415524 -0.668060 -0.855201 -0.958630 -0.968221 -0.883036 -0.711413 -0.470153 -0.182871 
-0.124777 -0.423889 -0.681509 -0.872418 -0.977928 -0.987712 -0.900813 -0.725735 -0.479618 -0.186552 
-0.115025 -0.390761 -0.628247 -0.804236 -0.901500 -0.910520 -0.830411 -0.669017 -0.442134 -0.171973 
-0.094014 -0.319383 -0.513488 -0.657330 -0.736827 -0.744199 -0.678724 -0.546811 -0.361372 -0.140559 
-0.063800 -0.216741 -0.348465 -0.446080 -0.500029 -0.505032 -0.460599 -0.371079 -0.245236 -0.095387 
-0.027341 -0.092883 -0.149333 -0.191165 -0.214284 -0.216428 -0.197387 -0.159024 -0.105094 -0.040877 

