287096.000000 -4513534.000000 100089656.000000 -1191871488.000000 18914023424.000000 -164840849408.000000 1853999284224.000000 -10777926828032.000000 74386207932416.000000 -218785130741760.000000 
-4284677.000000 62188452.000000 -1153816320.000000 12936812544.000000 -180640579584.000000 1504605110272.000000 -15379605749760.000000 86522552385536.000000 -557755358248960.000000 1606012154937344.000000 
24067940.000000 -342790528.000000 6061150208.000000 -66738614272.000000 892642918400.000000 -7318247833600.000000 72035392815104.000000 -400486104563712.000000 2504703594201088.000000 -7181332421541888.000000 
-257298880.000000 3403305472.000000 -52480835584.000000 545875361792.000000 -6590244585472.000000 51802758184960.000000 -474271629443072.000000 2566880762003456.000000 -15576983094165504.000000 44355355626438656.000000 
632936256.000000 -8252752384.000000 122910957568.000000 -1262664548352.000000 14752076005376.000000 -115043400155136.000000 1022996651180032.000000 -5546594854240256.000000 32991078319652864.000000 -96567305948889088.000000 
-5413954560.000000 65633476608.000000 -871676903424.000000 8469751005184.000000 -91267602055168.000000 686357047410688.000000 -5929019279147008.000000 31872020295712768.000000 -214793496316346368.000000 655862671698034688.000000 
-7109717504.000000 87088898048.000000 -1224727724032.000000 11910742278144.000000 -136291928768512.000000 1004103492698112.000000 -9192241478238208.000000 46116704534659072.000000 -321245102561296384.000000 805868012283363328.000000 
3493796352.000000 -41055657984.000000 688735322112.000000 -6127060779008.000000 83396571168768.000000 -514823032930304.000000 5765587183599616.000000 -19180091288322048.000000 181791757887864832.000000 -0.135713 
-16721104896.000000 188578037760.000000 -2890203398144.000000 24974320467968.000000 -318419681411072.000000 1931244795330560.000000 -20952031585894400.000000 69310472825864192.000000 -702884179813072896.000000 -0.095748 
41942409216.000000 -463279882240.000000 6774248701952.000000 -57583054356480.000000 707979187847168.000000 -4249732700438528.000000 45447935176998912.000000 -149975052475957248.000000 1611736024566726656.000000 -0.038006 

